72,35
37,501
37,500
37,499
37,472
37,471
37,470
37,469
37,468
37,467
37,466
37,465
37,464
37,463
37,462
37,461
37,460
37,459
37,458
37,457
37,456
37,455
37,454
37,453
37,452
37,451
37,450
37,449
37,448
37,447
37,446
37,445
37,444
37,443
37,442
37,441
37,440
37,439
37,438
37,437
37,436
37,435
37,434
37,433
37,432
37,431
37,430
37,429
37,428
37,427
37,426
37,425
37,424
37,423
37,422
37,421
37,420
37,419
37,418
37,417
37,416
37,415
37,414
37,413
37,412
37,411
37,410
37,409
37,408
37,407
37,406
37,405
37,404
37,403
37,402
37,401
37,400
37,399
37,398
37,397
37,396
37,395
37,394
37,393
37,392
37,391
37,390
37,389
37,388
37,387
37,386
37,385
37,383
37,382
37,381
37,380
37,379
37,378
37,377
37,376
37,375
37,374
37,373
37,372
37,371
37,370
37,369
37,368
37,367
37,366
37,365
37,364
37,363
37,362
37,360
37,111
37,110
37,109
37,99
37,98
37,97
37,96
37,95
37,94
37,93
37,92
37,91
37,90
37,89
37,88
37,87
37,86
37,85
37,82
37,81
37,80
37,79
37,78
37,77
37,69
37,68
37,65
37,64
37,1
20,3
20,2
20,1
19,3
19,2
19,1
18,3
18,1
14,4
14,3
14,1
13,3
13,1
12,3
12,2
12,1
2,2
2,3
2,1
